226.65642
148.51593
24.422146
282.74472
90.74725
31.097345
115.62632
89.563065
161.05208
222.2135
136.05211
95.00915
114.28564
46.191452
234.28183
39.224236
44.70791
177.1404
39.086853
87.83278
145.32477
48.453396
151.18797
101.66993
161.32135
76.739296
185.08618
89.76553
87.14808
281.46008
170.41339
51.86655
272.71512
92.26402
18.95172
29.242016
111.26932
60.854977
334.07315
80.60624
99.48314
41.25543
260.92728
154.5497
29.35183
80.13255
91.85078
87.82874
198.4073
177.02718
517.815
21.021702
122.65335
136.74461
209.45668
142.22725
36.336334
287.37552
21.070742
38.534683
25.526278
265.9428
184.29341
152.52805
110.02806
57.762955
173.99359
113.78253
50.923454
64.62554
29.306885
230.96106
36.659023
45.852066
67.288795
29.900045
213.17223
40.90939
56.790783
84.31654
151.28976
26.709059
51.533627
29.696665
42.988518
19.482748
34.421124
12.658449
208.61777
76.46471
31.421835
32.66519
18.482193
24.00898
64.93207
297.5424
278.94495
246.64227
345.98074
203.7166
79.48767
23.041788
149.85501
28.158108
126.80741
129.85263
115.93232
206.77614
84.18549
28.234335
143.46413
86.21383
104.059875
80.51199
67.88477
165.9989
276.4305
56.46257
300.65756
24.989738
37.472
42.008743
149.55017
256.60773
24.379747
103.45541
49.65123
38.998535
140.7329
45.08431
216.65479
112.40328
247.19371
147.35617
41.321342
171.89883
228.46275
99.3356
53.980766
161.48949
148.19472
144.74947
28.447973
22.763573
180.34972
90.6113
306.57758
280.65598
109.53135
96.446884
156.3424
35.650764
24.787792
412.84677
142.10512
83.4194
260.00372
9.5775
133.08148
147.67542
45.69105
299.2296
164.46915
119.94345
24.661848
99.98203
200.16164
238.54092
103.55136
149.22621
13.274418
137.60722
40.141174
172.0094
372.0236
275.57788
92.86085
56.182095
39.93813
62.567272
105.06789
102.481064
107.01513
77.464355
130.40169
200.42061
123.06069
340.30106
88.798775
137.23875
566.4549
61.377098
215.51915
410.35907
25.866066
29.305996
291.09277
116.54177
116.30751
296.8854
27.346954
158.56245
342.25287
89.40333
102.1607
44.576862
186.41794
166.7074
70.167694
162.62282
32.222454
104.16675
34.069992
198.38235
83.9006
161.87256
73.30365
114.45353
48.844017
36.15825
110.836716
570.24884
344.67938
160.58212
73.991005
87.177765
261.40005
114.770004
73.89328
137.03857
407.1374
29.659191
21.67244
49.761524
26.313778
34.2763
103.756004
18.58141
301.2766
63.843307
230.04218
47.37398
218.69576
23.686962
59.56926
190.47923
135.34496
51.157906
53.552933
128.36678
63.720318
76.52799
41.50333
249.80585
11.731541
51.287487
201.48357
96.01623
226.2608
160.33853
32.733498
42.32249
101.93598
26.204622
29.912039
75.91226
132.18687
32.31668
142.75124
50.182297
168.72038
187.6571
71.96854
73.60587
127.88749
22.840992
22.823885
26.729338
58.23368
348.44492
77.36544
258.8109
107.60103
240.59663
23.600803
128.97638
115.77689
13.729311
118.50857
71.23364
107.71712
30.434626
20.021162
39.810326
262.02908
121.36186
264.77896
41.11878
55.260498
185.7117
86.22608
80.30347
295.5789
168.7619
147.48314
141.89151
100.13384
159.28162
52.416138
56.039356
141.33037
111.78473
38.011505
22.410517
342.25766
34.029404
102.71977
79.47987
51.299816
146.08704
164.54765
50.986725
50.629402
170.97125
51.155495
33.117516
127.661865
24.105644
134.10902
153.94536
336.4491
13.219852
29.703957
60.105392
21.152885
103.874245
83.905106
94.11849
31.627962
154.73883
62.38439
155.50558
261.32822
66.56977
73.64667
84.27567
31.367208
343.7642
105.87854
24.12138
94.750244
347.00458
83.49008
156.20125
15.8868475
199.15604
58.705505
84.72995
45.429817
106.10186
156.81357
77.95238
78.59729
254.95094
69.52238
42.393723
79.443924
124.22104
142.93648
101.15462
103.98774
122.40029
21.643507
127.65138
68.792274
46.584198
90.835625
79.01349
162.83206
131.39537
130.07896
79.508644
46.24276
81.96366
56.854645
157.45718
83.58338
135.88712
50.00456
42.289692
85.0317
89.66782
182.45634
101.89866
54.547607
25.770084
59.75337
58.56558
166.02972
58.987835